# Soulton Hall 
# SNR x[m] y[m] dx[cm] dy[cm]

39175   -3    2    -8    0
33345   -2    2     2   -9
31500   -1    2     2    3
33116    0    2     0    0 
31786    1    2     0   -6
34071    2    2     5    4 
                    
33115   -3    1    -3    0 
31635   -2    1    -6   -6
35226   -1    1     0    3
33107    0    1     0    0 
31433    1    1    -2    0
31594    2    1     0   -12
                    
31498   -3    0     1    0
35233   -2    0     0    2 
33317   -1    0     2    4
31575    0    0     2    0 
31320    1    0     2    4.5
32169    2    0     2    3.5
                    
31640   -3   -1     0    0 
31588   -2   -1    -1    4 
31305   -1   -1     5    3 
32172    0   -1     0    0 
31316    1   -1    -2    0
63482    2   -1    -1    0

33105   -3   -2    -5    0
31598   -2   -2    -5    0
31620   -1   -2    -6    4
33104    0   -2     0    0
31430    1   -2     2    1
33118    2   -2     5    2

31317   -3   -3     7    0     
32173   -2   -3     10  -2   
33117   -1   -3     20   2  
33110    0   -3     0    0 
31577    1   -3     0    6 
33315    2   -3     3    6 

31319   -1.5    0.5    -5    0
32177   -0.5    0.5     0    0
40351    0.5    0.5     4    3

35232   -1.5   -0.5     0    0
33336   -0.5   -0.5     0    0
31488    0.5   -0.5     0    7

40350   -1.5   -1.5     3    0
31596   -0.5   -1.5     0    0
31299    0.5   -1.5    -5    0